$ANSIBLE_VAULT;1.1;AES256
36313037386332333033316336643439613832636563316130323762656430363164646663633262
3932623665373264616163333237353436306439363862380a343230663062363865666230623132
38393238333830306262646138363035646233613365336236663065353262363835616466663633
6634383434363063320a643164306266353237316636373839383935333738363837383139376665
33656466333238313461656562346264336536356638653330613334376365303261393535633235
39646336623534613334616238373264356633613835636631386333623863326133376130656138
38366531376664316562346133343063353936646633323432316463306232393561376661623932
37386535633630363637306663336635383330386433653964306365326438356336613738353865
34663062313365663932333533646139373263336432396266373738373738646665366133363230
66393137363831363966393736363736323437393566316436316538323233623135353837633637
623062336365316131376661643830626539
