$ANSIBLE_VAULT;1.1;AES256
31323038393639643765333535346337393861643037323066313765373339306364643266313666
3732616363376535376462333766633436343262666433380a646238616632323961323130653633
35313437343633333566346534653162633866386431303861346139396332383564613633653164
3266393335316631660a343135646130336365303364653039666636326633393964396539303432
36366438613335313131323032343735363434626539633431366337393231303830633961353662
62313432386265663439376532633931626539666161363230323230656161663339633936336165
64306161383862636461616133303161366637623831613466333032343937373635306265643061
64316466613530666365373335663133323563626432323261623236653933633532636435326664
30666563663566626134353565343833653266346637313838636530373838303263346665393066
32333563653037653938393931613130346636653164396165303339373338353364316637663965
613665663335363237383339376464303934
