$ANSIBLE_VAULT;1.1;AES256
38626536383538653632393063653235303437356132373764323961373033396666366239646339
3634666130373761366635633535326464666436386634330a313430396364356661616133313262
39303563616136626463613663633434633837653663356331623533613134393336306134626338
3262666661363433380a656564613466653230326264663863346138636435376236636463316531
61323566343532336636386261643265393365376533653361313661333031366535373661303332
30383764303533326635616438623265613937643365653739346266323162643463363837323162
32646263616437356564383632666639656461393766393465373665393436376334366532386133
63653531653062616436303736333164336165613035666636383763336361356332396466363764
37366165306462313963326234353164383164393166613731643237366233373064363563376466
30343132653933313836626432363563616532633535363034316664383066623531663235373966
363764356531393366376630353838636534
