$ANSIBLE_VAULT;1.1;AES256
65343939643666666436616361356561653932333061366364303862623461663733363064616536
6330646261396566623037313335303566643436363266620a643964393665323238653666356438
35393838323637373331666461363266333635336635663239646563323738303032346238326462
3336306534623431380a376232373137333363393239633963363030323362396238656439343139
66313865323465356535663038333937366262353235383461623835666635383166633439343764
36656562396237333365316564333832666131343238343938396661393966653134626362333861
32366561366262393162343730313335346131353961306366306161363139326663333034393664
34653364633562303961323637353237323730383464306561396162333138353263316362303530
63633166336435396364633438373631613239393134316537343434366634303930663534306136
63633961303939306332636632633163306633343734383631366332663163326661316636343139
366661363762336531363133343664643065
