$ANSIBLE_VAULT;1.1;AES256
33626434363635616364636632653234636338666464366530333630316635393464356135303435
6665363431613837396139623364626563613737613762380a386331313534613432333466343963
65383235316438633361613561356537656361306431313961323264626163656166323032623866
3936356563323532630a643536643262336437623131613633363034303939636235646561333630
64303830333763343235353834313230626333646262616334323763356336613464396135363163
66643331373966356533636338623961653661333036306238656337366239323263666134353431
36643263326232663030333535366234656661323961313066313339366636616235643635656634
37393034333531313635363531646130346264663836636139356331663331363935653735343333
66363430623539343261313530303139333538386534616435313538356366653431366238656135
38383833356632616533363766343262663665336233303936636134336239366231623239326366
396638643330653032346531343562343964
