$ANSIBLE_VAULT;1.1;AES256
61366235306436613931346236633362303731316233313632313362303330356533303366623031
3761333631373030333734663530356634623134383463380a666536653136373661326431353532
62326335386465316632613763643031653563343966353439363163643539346334623261306430
3532333839653534340a663633313434326335333939626364366536613831343536326261373930
65303237633335633161306637333963383133356331346239396631313638616536306339623438
37313939313061326462303664393239626231376661666439363438383733646130636436356330
37396136393466643566316665393931343938366231376165393634353235373335306535316632
33393263323839333130656264326563323535653962306632343031313262633830303866393337
30663863346631393536633235656436386162383334356134383964396233346165313736373263
62393164663735313934306232633935313536373632323634376131343432366161313338616430
393761386635396336653365653430383034
